Test,V,MR
1,2838,
2,2785,53
3,3058,273
4,3064,6
5,2996,68
6,2882,114
7,2878,4
8,2920,42
9,3050,130
10,2870,180
11,3174,304
12,3102,72
13,2762,340
14,2975,213
15,2719,256
16,2861,142
17,2797,64
18,3078,281
19,2964,114
20,2805,159
